[INISystem]
BasedOn=TS Client/Storms.ini

[Lighting]
IonAmbient=0.50000
IonRed=1.620000
IonGreen=1.250000
IonBlue=0.340000
IonGround=0.000000
IonLevel=0.025000

